  1 |                 |                 |                 |                 |                 |                 |                 |                 |                 |                 |                 |                 |                 |                 |                 |                 |                 |                 |                 |                 |                 |                 |                 |                 |                 |                 |                 |                 |                 |                 |                 |                 |                 |                 |                 |                 |                 |                 |                 |                 |                 |                 |                 |                 |                 |                 |                 |                 |                 |                 |                 |                 |                 |                 |                 |                 |                 |                 |                 |                 |                 |                 |                 |                 |                 |                 |                 |                 |                 |                 |                 |                 |                 |                 |                 | 
  2 |                 |                 |                 |                 |                 |                 |                 |                 |                 |                 |                 |                 |                 |                 |                 |                 |                 |                 |                 |                 |                 |                 |                 |                 |                 |                 |                 |                 |                 |                 |                 |                 |                 |                 |                 |                 |                 |                 |                 |                 |                 |                 |                 |                 |                 |                 |                 |                 |                 |                 |                 |                 |                 |                 |                 |                 |                 |                 |                 |                 |                 |                 |                 |                 |                 |                 |                 |                 |                 |                 |                 |                 |                 |                 |                 | 
  3 |                 |                 |                 |                 |                 |                 |                 |                 |                 |                 |                 |                 |                 |                 |                 |                 |                 |                 |                 |                 |                 |                 |                 |                 |                 |                 |                 |                 |                 |                 |                 |                 |                 |                 |                 |                 |                 |                 |                 |                 |                 |                 |                 |                 |                 |                 |                 |                 |                 |                 |                 |                 |                 |                 |                 |                 |                 |                 |                 |                 |                 |                 |                 |                 |                 |                 |                 |                 |                 |                 |                 |                 |                 |                 |                 | 
  4 |                 |                 |                 |                 |                 |                 |                 |                 |                 |                 |                 |                 |                 |                 |                 |                 |                 |                 |                 |                 |                 |                 |                 |                 |                 |                 |                 |                 |                 |                 |                 |                 |                 |                 |                 |                 |                 |                 |                 |                 |                 |                 |                 |                 |                 |                 |                 |                 |                 |                 |                 |                 |                 |                 |                 |                 |                 |                 |                 |                 |                 |                 |                 |                 |                 |                 |                 |                 |                 |                 |                 |                 |                 |                 |                 | 
  5 |                 |                 |                 |                 |                 |                 |                 |                 |                 |                 |                 |                 |                 |                 |                 |                 |                 |                 |                 |                 |                 |                 |                 |                 |                 |                 |                 |                 |                 |                 |                 |                 |                 |                 |                 |                 |                 |                 |                 |                 |                 |                 |                 |                 |                 |                 |                 |                 |                 |                 |                 |                 |                 |                 |                 |                 |                 |                 |                 |                 |                 |                 |                 |                 |                 |                 |                 |                 |                 |                 |                 |                 |                 |                 |                 | 
  6 |                 |                 |                 |                 |                 |                 |                 |                 |                 |                 |                 |                 |                 |                 |                 |                 |                 |                 |                 |                 |                 |                 |                 |                 |                 |                 |                 |                 |                 |                 |                 |                 |                 |                 |                 |                 |                 |                 |                 |                 |                 |                 |                 |                 |                 |                 |                 |                 |                 |                 |                 |                 |                 |                 |                 |                 |                 |                 |                 |                 |                 |                 |                 |                 |                 |                 |                 |                 |                 |                 |                 |                 |                 |                 |                 | 
  7 |                 |                 |                 |                 |                 |                 |                 |                 |                 |                 |                 |                 |                 |                 |                 |                 |                 |                 |                 |                 |                 |                 |                 |                 |                 |                 |                 |                 |                 |                 |                 |                 |                 |                 |                 |                 |                 |                 |                 |                 |                 |                 |                 |                 |                 |                 |                 |                 |                 |                 |                 |                 |                 |                 |                 |                 |                 |                 |                 |                 |                 |                 |                 |                 |                 |                 |                 |                 |                 |                 |                 |                 |                 |                 |                 | 
  8 |                 |                 |                 |                 |                 |                 |                 |                 |                 |                 |                 |                 |                 |                 |                 |                 |                 |                 |                 |                 |                 |                 |                 |                 |                 |                 |                 |                 |                 |                 |                 |                 |                 |                 |                 |                 |                 |                 |                 |                 |                 |                 |                 |                 |                 |                 |                 |                 |                 |                 |                 |                 |                 |                 |                 |                 |                 |                 |                 |                 |                 |                 |                 |                 |                 |                 |                 |                 |                 |                 |                 |                 |                 |                 |                 | 
  9 |                 |                 |                 |                 |                 |                 |                 |                 |                 |                 |                 |                 |                 |                 |                 |                 |                 |                 |                 |                 |                 |                 |                 |                 |                 |                 |                 |                 |                 |                 |                 |                 |                 |                 |                 |                 |                 |                 |                 |                 |                 |                 |                 |                 |                 |                 |                 |                 |                 |                 |                 |                 |                 |                 |                 |                 |                 |                 |                 |                 |                 |                 |                 |                 |                 |                 |                 |                 |                 |                 |                 |                 |                 |                 |                 | 
 10 |                 |                 |                 |                 |                 |                 |                 |                 |                 |                 |                 |                 |                 |                 |                 |                 |                 |                 |                 |                 |                 |                 |                 |                 |                 |                 |                 |                 |                 |                 |                 |                 |                 |                 |                 |                 |                 |                 |                 |                 |                 |                 |                 |                 |                 |                 |                 |                 |                 |                 |                 |                 |                 |                 |                 |                 |                 |                 |                 |                 |                 |                 |                 |                 |                 |                 |                 |                 |                 |                 |                 |                 |                 |                 |                 | 
 11 | 7               | 8               | 9               | 10              |                 |                 |                 |                 |                 |                 |                 |                 |                 |                 |                 |                 |                 |                 |                 | CLO 1           |                 |                 |                 |                 |                 |                 |                 |                 |                 |                 | CLO 2           |                 |                 |                 |                 |                 |                 |                 |                 |                 |                 | CLO 3           |                 |                 |                 |                 |                 |                 |                 |                 |                 |                 |                 | CLO 4           |                 |                 |                 |                 |                 |                 |                 |                 |                 |                 |                 |                 |                 |                 |                 |                 |                 |                 |                 |                 |                 | 
 12 | Student marks p |                 |                 |                 | CLOs total mark |                 |                 |                 |                 |                 |                 |                 |                 |                 |                 |                 |                 |                 |                 | GAs Attained (Y |                 |                 |                 |                 |                 |                 |                 |                 |                 |                 | GAs Attained (Y |                 |                 |                 |                 |                 |                 |                 |                 |                 |                 | GAs Attained (Y |                 |                 |                 |                 |                 |                 |                 |                 |                 |                 |                 | GAs Attained (Y |                 |                 |                 |                 |                 |                 |                 |                 |                 |                 |                 |                 |                 |                 |                 |                 |                 |                 |                 |                 |                 | 
 13 |                 |                 |                 |                 |                 |                 |                 |                 |                 |                 |                 |                 |                 |                 |                 |                 |                 |                 |                 |                 |                 |                 |                 |                 |                 |                 |                 |                 |                 |                 |                 |                 |                 |                 |                 |                 |                 |                 |                 |                 |                 |                 |                 |                 |                 |                 |                 |                 |                 |                 |                 |                 |                 |                 |                 |                 |                 |                 |                 |                 |                 |                 |                 |                 |                 |                 |                 |                 |                 |                 |                 |                 |                 |                 |                 | 
 14 | 1               | 2               | 3               | 0               | 1               | 2               | 3               | 0               |                 |                 |                 |                 |                 |                 |                 |                 |                 |                 |                 | 1               | 2               | 3               | 4               | 5               | 6               | 7               | 8               | 9               | 10              |                 | 1               | 2               | 3               | 4               | 5               | 6               | 7               | 8               | 9               | 10              |                 | 1               | 2               | 3               | 4               | 5               | 6               | 7               | 8               | 9               | 10              | 1               |                 | 1               | 2               | 3               | 4               | 5               | 6               | 7               | 8               | 9               | 10              |                 |                 |                 |                 |                 |                 |                 |                 |                 |                 |                 |                 | 
 15 |                 |                 |                 |                 |                 |                 |                 |                 |                 |                 |                 |                 |                 |                 |                 |                 |                 |                 |                 |                 |                 |                 |                 |                 |                 |                 |                 |                 |                 |                 |                 |                 |                 |                 |                 |                 |                 |                 |                 |                 |                 |                 |                 |                 |                 |                 |                 |                 |                 |                 |                 |                 |                 |                 |                 |                 |                 |                 |                 |                 |                 |                 |                 |                 |                 |                 |                 |                 |                 |                 |                 |                 |                 |                 |                 | 
 16 | 23              | 24              | 22              | 0               | 31              | 34              | 35              | 0               |                 |                 |                 |                 |                 |                 |                 |                 |                 |                 |                 |                 | 0.7419354838709 |                 |                 |                 |                 |                 |                 |                 |                 |                 |                 |                 |                 |                 | 0.7058823529411 |                 |                 |                 |                 |                 |                 |                 |                 | 0.6285714285714 |                 |                 |                 |                 |                 |                 |                 |                 |                 |                 |                 |                 |                 |                 |                 |                 |                 |                 |                 |                 |                 |                 |                 |                 |                 |                 |                 |                 |                 |                 |                 | 
 17 | 20              | 19              | 28              | 0               | 31              | 34              | 35              | 0               |                 |                 |                 |                 |                 |                 |                 |                 |                 |                 |                 |                 | 0.6451612903225 |                 |                 |                 |                 |                 |                 |                 |                 |                 |                 |                 |                 |                 | 0.5588235294117 |                 |                 |                 |                 |                 |                 |                 |                 | 0.8             |                 |                 |                 |                 |                 |                 |                 |                 |                 |                 |                 |                 |                 |                 |                 |                 |                 |                 |                 |                 |                 |                 |                 |                 |                 |                 |                 |                 |                 |                 |                 | 
 18 | 18              | 22              | 27              | 0               | 31              | 34              | 35              | 0               |                 |                 |                 |                 |                 |                 |                 |                 |                 |                 |                 |                 | 0.5806451612903 |                 |                 |                 |                 |                 |                 |                 |                 |                 |                 |                 |                 |                 | 0.6470588235294 |                 |                 |                 |                 |                 |                 |                 |                 | 0.7714285714285 |                 |                 |                 |                 |                 |                 |                 |                 |                 |                 |                 |                 |                 |                 |                 |                 |                 |                 |                 |                 |                 |                 |                 |                 |                 |                 |                 |                 |                 |                 |                 | 
 19 | 22              | 22              | 23              | 0               | 31              | 34              | 35              | 0               |                 |                 |                 |                 |                 |                 |                 |                 |                 |                 |                 |                 | 0.7096774193548 |                 |                 |                 |                 |                 |                 |                 |                 |                 |                 |                 |                 |                 | 0.6470588235294 |                 |                 |                 |                 |                 |                 |                 |                 | 0.6571428571428 |                 |                 |                 |                 |                 |                 |                 |                 |                 |                 |                 |                 |                 |                 |                 |                 |                 |                 |                 |                 |                 |                 |                 |                 |                 |                 |                 |                 |                 |                 |                 | 
 20 | 26              | 30              | 32              | 0               | 31              | 34              | 35              | 0               |                 |                 |                 |                 |                 |                 |                 |                 |                 |                 |                 |                 | 0.8387096774193 |                 |                 |                 |                 |                 |                 |                 |                 |                 |                 |                 |                 |                 | 0.8823529411764 |                 |                 |                 |                 |                 |                 |                 |                 | 0.9142857142857 |                 |                 |                 |                 |                 |                 |                 |                 |                 |                 |                 |                 |                 |                 |                 |                 |                 |                 |                 |                 |                 |                 |                 |                 |                 |                 |                 |                 |                 |                 |                 | 
 21 | 21              | 25              | 22              | 0               | 31              | 34              | 35              | 0               |                 |                 |                 |                 |                 |                 |                 |                 |                 |                 |                 |                 | 0.6774193548387 |                 |                 |                 |                 |                 |                 |                 |                 |                 |                 |                 |                 |                 | 0.7352941176470 |                 |                 |                 |                 |                 |                 |                 |                 | 0.6285714285714 |                 |                 |                 |                 |                 |                 |                 |                 |                 |                 |                 |                 |                 |                 |                 |                 |                 |                 |                 |                 |                 |                 |                 |                 |                 |                 |                 |                 |                 |                 |                 | 
 22 | 23              | 24              | 27              | 0               | 31              | 34              | 35              | 0               |                 |                 |                 |                 |                 |                 |                 |                 |                 |                 |                 |                 | 0.7419354838709 |                 |                 |                 |                 |                 |                 |                 |                 |                 |                 |                 |                 |                 | 0.7058823529411 |                 |                 |                 |                 |                 |                 |                 |                 | 0.7714285714285 |                 |                 |                 |                 |                 |                 |                 |                 |                 |                 |                 |                 |                 |                 |                 |                 |                 |                 |                 |                 |                 |                 |                 |                 |                 |                 |                 |                 |                 |                 |                 | 
 23 | 24              | 25              | 26              | 0               | 31              | 34              | 35              | 0               |                 |                 |                 |                 |                 |                 |                 |                 |                 |                 |                 |                 | 0.7741935483870 |                 |                 |                 |                 |                 |                 |                 |                 |                 |                 |                 |                 |                 | 0.7352941176470 |                 |                 |                 |                 |                 |                 |                 |                 | 0.7428571428571 |                 |                 |                 |                 |                 |                 |                 |                 |                 |                 |                 |                 |                 |                 |                 |                 |                 |                 |                 |                 |                 |                 |                 |                 |                 |                 |                 |                 |                 |                 |                 | 
 24 | 25              | 29              | 27              | 0               | 31              | 34              | 35              | 0               |                 |                 |                 |                 |                 |                 |                 |                 |                 |                 |                 |                 | 0.8064516129032 |                 |                 |                 |                 |                 |                 |                 |                 |                 |                 |                 |                 |                 | 0.8529411764705 |                 |                 |                 |                 |                 |                 |                 |                 | 0.7714285714285 |                 |                 |                 |                 |                 |                 |                 |                 |                 |                 |                 |                 |                 |                 |                 |                 |                 |                 |                 |                 |                 |                 |                 |                 |                 |                 |                 |                 |                 |                 |                 | 
 25 | 24              | 30              | 27              | 0               | 31              | 34              | 35              | 0               |                 |                 |                 |                 |                 |                 |                 |                 |                 |                 |                 |                 | 0.7741935483870 |                 |                 |                 |                 |                 |                 |                 |                 |                 |                 |                 |                 |                 | 0.8823529411764 |                 |                 |                 |                 |                 |                 |                 |                 | 0.7714285714285 |                 |                 |                 |                 |                 |                 |                 |                 |                 |                 |                 |                 |                 |                 |                 |                 |                 |                 |                 |                 |                 |                 |                 |                 |                 |                 |                 |                 |                 |                 |                 | 
 26 | 23              | 26              | 25              | 0               | 31              | 34              | 35              | 0               |                 |                 |                 |                 |                 |                 |                 |                 |                 |                 |                 |                 | 0.7419354838709 |                 |                 |                 |                 |                 |                 |                 |                 |                 |                 |                 |                 |                 | 0.7647058823529 |                 |                 |                 |                 |                 |                 |                 |                 | 0.7142857142857 |                 |                 |                 |                 |                 |                 |                 |                 |                 |                 |                 |                 |                 |                 |                 |                 |                 |                 |                 |                 |                 |                 |                 |                 |                 |                 |                 |                 |                 |                 |                 | 
 27 | 25              | 28              | 28              | 0               | 31              | 34              | 35              | 0               |                 |                 |                 |                 |                 |                 |                 |                 |                 |                 |                 |                 | 0.8064516129032 |                 |                 |                 |                 |                 |                 |                 |                 |                 |                 |                 |                 |                 | 0.8235294117647 |                 |                 |                 |                 |                 |                 |                 |                 | 0.8             |                 |                 |                 |                 |                 |                 |                 |                 |                 |                 |                 |                 |                 |                 |                 |                 |                 |                 |                 |                 |                 |                 |                 |                 |                 |                 |                 |                 |                 |                 |                 | 
 28 | 16              | 19              | 25              | 0               | 31              | 34              | 35              | 0               |                 |                 |                 |                 |                 |                 |                 |                 |                 |                 |                 |                 | 0.5161290322580 |                 |                 |                 |                 |                 |                 |                 |                 |                 |                 |                 |                 |                 | 0.5588235294117 |                 |                 |                 |                 |                 |                 |                 |                 | 0.7142857142857 |                 |                 |                 |                 |                 |                 |                 |                 |                 |                 |                 |                 |                 |                 |                 |                 |                 |                 |                 |                 |                 |                 |                 |                 |                 |                 |                 |                 |                 |                 |                 | 
 29 | 20              | 22              | 20              | 0               | 31              | 34              | 35              | 0               |                 |                 |                 |                 |                 |                 |                 |                 |                 |                 |                 |                 | 0.6451612903225 |                 |                 |                 |                 |                 |                 |                 |                 |                 |                 |                 |                 |                 | 0.6470588235294 |                 |                 |                 |                 |                 |                 |                 |                 | 0.5714285714285 |                 |                 |                 |                 |                 |                 |                 |                 |                 |                 |                 |                 |                 |                 |                 |                 |                 |                 |                 |                 |                 |                 |                 |                 |                 |                 |                 |                 |                 |                 |                 | 
 30 | 26              | 34              | 28              | 0               | 31              | 34              | 35              | 0               |                 |                 |                 |                 |                 |                 |                 |                 |                 |                 |                 |                 | 0.8387096774193 |                 |                 |                 |                 |                 |                 |                 |                 |                 |                 |                 |                 |                 | 1               |                 |                 |                 |                 |                 |                 |                 |                 | 0.8             |                 |                 |                 |                 |                 |                 |                 |                 |                 |                 |                 |                 |                 |                 |                 |                 |                 |                 |                 |                 |                 |                 |                 |                 |                 |                 |                 |                 |                 |                 |                 | 
